(kicad_pcb (version 20171130) (host pcbnew 5.1.6)

  (general
    (thickness 1.6)
    (drawings 22)
    (tracks 368)
    (zones 0)
    (modules 28)
    (nets 43)
  )

  (page A4)
  (title_block
    (title midiskirt)
    (rev 0.1a)
    (company Δ7)
    (comment 1 "erin moon")
  )

  (layers
    (0 F.Cu signal)
    (31 B.Cu signal)
    (32 B.Adhes user)
    (33 F.Adhes user)
    (34 B.Paste user)
    (35 F.Paste user)
    (36 B.SilkS user)
    (37 F.SilkS user)
    (38 B.Mask user)
    (39 F.Mask user)
    (40 Dwgs.User user hide)
    (41 Cmts.User user)
    (42 Eco1.User user)
    (43 Eco2.User user)
    (44 Edge.Cuts user)
    (45 Margin user)
    (46 B.CrtYd user)
    (47 F.CrtYd user)
    (48 B.Fab user)
    (49 F.Fab user)
  )

  (setup
    (last_trace_width 0.25)
    (user_trace_width 1.524)
    (trace_clearance 0.2)
    (zone_clearance 0.254)
    (zone_45_only no)
    (trace_min 0.2)
    (via_size 0.8)
    (via_drill 0.4)
    (via_min_size 0.4)
    (via_min_drill 0.3)
    (uvia_size 0.3)
    (uvia_drill 0.1)
    (uvias_allowed no)
    (uvia_min_size 0.2)
    (uvia_min_drill 0.1)
    (edge_width 0.05)
    (segment_width 0.2)
    (pcb_text_width 0.3)
    (pcb_text_size 1.5 1.5)
    (mod_edge_width 0.12)
    (mod_text_size 1 1)
    (mod_text_width 0.15)
    (pad_size 2.3 2.3)
    (pad_drill 1.3)
    (pad_to_mask_clearance 0.05)
    (aux_axis_origin 0 0)
    (visible_elements FFFFFF7F)
    (pcbplotparams
      (layerselection 0x010fc_ffffffff)
      (usegerberextensions false)
      (usegerberattributes true)
      (usegerberadvancedattributes true)
      (creategerberjobfile true)
      (excludeedgelayer true)
      (linewidth 0.100000)
      (plotframeref false)
      (viasonmask false)
      (mode 1)
      (useauxorigin false)
      (hpglpennumber 1)
      (hpglpenspeed 20)
      (hpglpendiameter 15.000000)
      (psnegative false)
      (psa4output false)
      (plotreference true)
      (plotvalue true)
      (plotinvisibletext false)
      (padsonsilk false)
      (subtractmaskfromsilk false)
      (outputformat 1)
      (mirror false)
      (drillshape 1)
      (scaleselection 1)
      (outputdirectory ""))
  )

  (net 0 "")
  (net 1 /d2)
  (net 2 /d3)
  (net 3 /d4)
  (net 4 /d5)
  (net 5 /d6)
  (net 6 /d7)
  (net 7 /phi2)
  (net 8 +5V)
  (net 9 GND)
  (net 10 /6850_CLK)
  (net 11 /d0)
  (net 12 /d1)
  (net 13 /~irq~)
  (net 14 /R~W~)
  (net 15 /cart-r~w~)
  (net 16 /~io1~)
  (net 17 /a5)
  (net 18 /a6)
  (net 19 /a4)
  (net 20 "Net-(J1-Pad5)")
  (net 21 "Net-(J1-Pad4)")
  (net 22 "Net-(J2-Pad4)")
  (net 23 "Net-(J3-Pad5)")
  (net 24 "Net-(J3-Pad4)")
  (net 25 "Net-(D1-Pad2)")
  (net 26 "Net-(D1-Pad1)")
  (net 27 /midi_in)
  (net 28 /a1)
  (net 29 /a3)
  (net 30 /a2)
  (net 31 /cs1)
  (net 32 /sel_a)
  (net 33 /midi_thru)
  (net 34 /midi_out)
  (net 35 /RxD)
  (net 36 "Net-(U1-Pad5)")
  (net 37 /TxD)
  (net 38 /sel_b)
  (net 39 /2mhz)
  (net 40 /500khz)
  (net 41 "Net-(U7-Pad4)")
  (net 42 "Net-(U7-Pad3)")

  (net_class Default "This is the default net class."
    (clearance 0.2)
    (trace_width 0.25)
    (via_dia 0.8)
    (via_drill 0.4)
    (uvia_dia 0.3)
    (uvia_drill 0.1)
    (add_net /2mhz)
    (add_net /500khz)
    (add_net /6850_CLK)
    (add_net /RxD)
    (add_net /R~W~)
    (add_net /TxD)
    (add_net /a1)
    (add_net /a2)
    (add_net /a3)
    (add_net /a4)
    (add_net /a5)
    (add_net /a6)
    (add_net /cart-r~w~)
    (add_net /cs1)
    (add_net /d0)
    (add_net /d1)
    (add_net /d2)
    (add_net /d3)
    (add_net /d4)
    (add_net /d5)
    (add_net /d6)
    (add_net /d7)
    (add_net /midi_in)
    (add_net /midi_out)
    (add_net /midi_thru)
    (add_net /phi2)
    (add_net /sel_a)
    (add_net /sel_b)
    (add_net /~io1~)
    (add_net /~irq~)
    (add_net "Net-(D1-Pad1)")
    (add_net "Net-(D1-Pad2)")
    (add_net "Net-(J1-Pad4)")
    (add_net "Net-(J1-Pad5)")
    (add_net "Net-(J2-Pad4)")
    (add_net "Net-(J3-Pad4)")
    (add_net "Net-(J3-Pad5)")
    (add_net "Net-(U1-Pad5)")
    (add_net "Net-(U7-Pad3)")
    (add_net "Net-(U7-Pad4)")
  )

  (net_class Power ""
    (clearance 0.2)
    (trace_width 0.4)
    (via_dia 0.8)
    (via_drill 0.4)
    (uvia_dia 0.3)
    (uvia_drill 0.1)
    (add_net +5V)
    (add_net GND)
  )

  (module midiskirt:SDS-50J (layer F.Cu) (tedit 5602A6D3) (tstamp 5EE559BF)
    (at 111.125 78.105)
    (descr "SDS-50J, standard DIN connector, 5 pins, midi")
    (tags "SDS-50J DIN 5-pins connector midi")
    (path /5EE30D35)
    (fp_text reference J1 (at -1.397 4.699) (layer F.SilkS)
      (effects (font (size 1 1) (thickness 0.15)))
    )
    (fp_text value DIN-5 (at 7.49 -4.27 180) (layer F.Fab)
      (effects (font (size 1 1) (thickness 0.15)))
    )
    (fp_line (start 17.75 3.9) (end 17.75 -12.8) (layer F.CrtYd) (width 0.05))
    (fp_line (start 17.75 -12.8) (end -2.75 -12.8) (layer F.CrtYd) (width 0.05))
    (fp_line (start -2.75 -12.8) (end -2.75 3.9) (layer F.CrtYd) (width 0.05))
    (fp_line (start 17.75 3.9) (end -2.75 3.9) (layer F.CrtYd) (width 0.05))
    (fp_line (start 1.46 3.39) (end -2.5 3.39) (layer F.SilkS) (width 0.12))
    (fp_line (start 11.44 3.39) (end 3.57 3.39) (layer F.SilkS) (width 0.12))
    (fp_line (start -2.5 3.39) (end -2.5 -12.54) (layer F.SilkS) (width 0.12))
    (fp_line (start 17.5 -12.54) (end -2.5 -12.54) (layer F.SilkS) (width 0.12))
    (fp_line (start 17.5 3.39) (end 17.5 -12.54) (layer F.SilkS) (width 0.12))
    (fp_line (start 17.5 3.39) (end 13.54 3.39) (layer F.SilkS) (width 0.12))
    (pad 5 thru_hole circle (at 12.5 2.5) (size 2.3 2.3) (drill 1.3) (layers *.Cu *.Mask)
      (net 20 "Net-(J1-Pad5)"))
    (pad "" thru_hole circle (at 5 -10) (size 2 2) (drill 1.3) (layers *.Cu *.Mask))
    (pad 3 thru_hole circle (at 15 0) (size 2.3 2.3) (drill 1.3) (layers *.Cu *.Mask))
    (pad 2 thru_hole circle (at 7.5 0) (size 2.3 2.3) (drill 1.3) (layers *.Cu *.Mask)
      (net 9 GND))
    (pad 1 thru_hole circle (at 0 0) (size 2.3 2.3) (drill 1.3) (layers *.Cu *.Mask))
    (pad 4 thru_hole circle (at 2.5 2.5) (size 2.3 2.3) (drill 1.3) (layers *.Cu *.Mask)
      (net 21 "Net-(J1-Pad4)"))
    (pad "" thru_hole circle (at 10 -10) (size 2 2) (drill 1.3) (layers *.Cu *.Mask))
    (model ${KISYS3DMOD}/Connectors.3dshapes/SDS-50J.wrl
      (offset (xyz 7.365999889373779 12.44599981307983 0))
      (scale (xyz 0.39 0.39 0.39))
      (rotate (xyz -90 0 180))
    )
  )

  (module Package_SO:SO-14_5.3x10.2mm_P1.27mm (layer B.Cu) (tedit 5EA5315B) (tstamp 5EE47F27)
    (at 99.695 104.14 180)
    (descr "SO, 14 Pin (https://www.ti.com/lit/ml/msop002a/msop002a.pdf), generated with kicad-footprint-generator ipc_gullwing_generator.py")
    (tags "SO SO")
    (path /5EF8B0D3)
    (attr smd)
    (fp_text reference U2 (at 0 6.05) (layer B.SilkS)
      (effects (font (size 1 1) (thickness 0.15)) (justify mirror))
    )
    (fp_text value 74LS393 (at 0 -6.05) (layer B.SilkS)
      (effects (font (size 1 1) (thickness 0.15)) (justify mirror))
    )
    (fp_line (start 4.7 5.35) (end -4.7 5.35) (layer B.CrtYd) (width 0.05))
    (fp_line (start 4.7 -5.35) (end 4.7 5.35) (layer B.CrtYd) (width 0.05))
    (fp_line (start -4.7 -5.35) (end 4.7 -5.35) (layer B.CrtYd) (width 0.05))
    (fp_line (start -4.7 5.35) (end -4.7 -5.35) (layer B.CrtYd) (width 0.05))
    (fp_line (start -2.65 4.1) (end -1.65 5.1) (layer B.Fab) (width 0.1))
    (fp_line (start -2.65 -5.1) (end -2.65 4.1) (layer B.Fab) (width 0.1))
    (fp_line (start 2.65 -5.1) (end -2.65 -5.1) (layer B.Fab) (width 0.1))
    (fp_line (start 2.65 5.1) (end 2.65 -5.1) (layer B.Fab) (width 0.1))
    (fp_line (start -1.65 5.1) (end 2.65 5.1) (layer B.Fab) (width 0.1))
    (fp_line (start -2.76 4.37) (end -4.45 4.37) (layer B.SilkS) (width 0.12))
    (fp_line (start -2.76 5.21) (end -2.76 4.37) (layer B.SilkS) (width 0.12))
    (fp_line (start 0 5.21) (end -2.76 5.21) (layer B.SilkS) (width 0.12))
    (fp_line (start 2.76 5.21) (end 2.76 4.37) (layer B.SilkS) (width 0.12))
    (fp_line (start 0 5.21) (end 2.76 5.21) (layer B.SilkS) (width 0.12))
    (fp_line (start -2.76 -5.21) (end -2.76 -4.37) (layer B.SilkS) (width 0.12))
    (fp_line (start 0 -5.21) (end -2.76 -5.21) (layer B.SilkS) (width 0.12))
    (fp_line (start 2.76 -5.21) (end 2.76 -4.37) (layer B.SilkS) (width 0.12))
    (fp_line (start 0 -5.21) (end 2.76 -5.21) (layer B.SilkS) (width 0.12))
    (fp_text user %R (at 0 0) (layer B.Fab)
      (effects (font (size 1 1) (thickness 0.15)) (justify mirror))
    )
    (pad 1 smd roundrect (at -3.4625 3.81 180) (size 1.975 0.6) (layers B.Cu B.Paste B.Mask) (roundrect_rratio 0.25)
      (net 39 /2mhz))
    (pad 2 smd roundrect (at -3.4625 2.54 180) (size 1.975 0.6) (layers B.Cu B.Paste B.Mask) (roundrect_rratio 0.25)
      (net 9 GND))
    (pad 3 smd roundrect (at -3.4625 1.27 180) (size 1.975 0.6) (layers B.Cu B.Paste B.Mask) (roundrect_rratio 0.25))
    (pad 4 smd roundrect (at -3.4625 0 180) (size 1.975 0.6) (layers B.Cu B.Paste B.Mask) (roundrect_rratio 0.25)
      (net 40 /500khz))
    (pad 5 smd roundrect (at -3.4625 -1.27 180) (size 1.975 0.6) (layers B.Cu B.Paste B.Mask) (roundrect_rratio 0.25))
    (pad 6 smd roundrect (at -3.4625 -2.54 180) (size 1.975 0.6) (layers B.Cu B.Paste B.Mask) (roundrect_rratio 0.25))
    (pad 7 smd roundrect (at -3.4625 -3.81 180) (size 1.975 0.6) (layers B.Cu B.Paste B.Mask) (roundrect_rratio 0.25)
      (net 9 GND))
    (pad 8 smd roundrect (at 3.4625 -3.81 180) (size 1.975 0.6) (layers B.Cu B.Paste B.Mask) (roundrect_rratio 0.25))
    (pad 9 smd roundrect (at 3.4625 -2.54 180) (size 1.975 0.6) (layers B.Cu B.Paste B.Mask) (roundrect_rratio 0.25))
    (pad 10 smd roundrect (at 3.4625 -1.27 180) (size 1.975 0.6) (layers B.Cu B.Paste B.Mask) (roundrect_rratio 0.25))
    (pad 11 smd roundrect (at 3.4625 0 180) (size 1.975 0.6) (layers B.Cu B.Paste B.Mask) (roundrect_rratio 0.25))
    (pad 12 smd roundrect (at 3.4625 1.27 180) (size 1.975 0.6) (layers B.Cu B.Paste B.Mask) (roundrect_rratio 0.25))
    (pad 13 smd roundrect (at 3.4625 2.54 180) (size 1.975 0.6) (layers B.Cu B.Paste B.Mask) (roundrect_rratio 0.25))
    (pad 14 smd roundrect (at 3.4625 3.81 180) (size 1.975 0.6) (layers B.Cu B.Paste B.Mask) (roundrect_rratio 0.25)
      (net 8 +5V))
    (model ${KISYS3DMOD}/Package_SO.3dshapes/SO-14_5.3x10.2mm_P1.27mm.wrl
      (at (xyz 0 0 0))
      (scale (xyz 1 1 1))
      (rotate (xyz 0 0 0))
    )
  )

  (module Capacitor_SMD:C_0603_1608Metric (layer F.Cu) (tedit 5B301BBE) (tstamp 5EE4773C)
    (at 119.1005 102.87)
    (descr "Capacitor SMD 0603 (1608 Metric), square (rectangular) end terminal, IPC_7351 nominal, (Body size source: http://www.tortai-tech.com/upload/download/2011102023233369053.pdf), generated with kicad-footprint-generator")
    (tags capacitor)
    (path /5EF386A5)
    (attr smd)
    (fp_text reference C7 (at 2.1845 0 90) (layer F.SilkS)
      (effects (font (size 1 1) (thickness 0.15)))
    )
    (fp_text value 0.1u (at 0 1.43) (layer F.Fab)
      (effects (font (size 1 1) (thickness 0.15)))
    )
    (fp_line (start 1.48 0.73) (end -1.48 0.73) (layer F.CrtYd) (width 0.05))
    (fp_line (start 1.48 -0.73) (end 1.48 0.73) (layer F.CrtYd) (width 0.05))
    (fp_line (start -1.48 -0.73) (end 1.48 -0.73) (layer F.CrtYd) (width 0.05))
    (fp_line (start -1.48 0.73) (end -1.48 -0.73) (layer F.CrtYd) (width 0.05))
    (fp_line (start -0.162779 0.51) (end 0.162779 0.51) (layer F.SilkS) (width 0.12))
    (fp_line (start -0.162779 -0.51) (end 0.162779 -0.51) (layer F.SilkS) (width 0.12))
    (fp_line (start 0.8 0.4) (end -0.8 0.4) (layer F.Fab) (width 0.1))
    (fp_line (start 0.8 -0.4) (end 0.8 0.4) (layer F.Fab) (width 0.1))
    (fp_line (start -0.8 -0.4) (end 0.8 -0.4) (layer F.Fab) (width 0.1))
    (fp_line (start -0.8 0.4) (end -0.8 -0.4) (layer F.Fab) (width 0.1))
    (fp_text user %R (at 0 0) (layer F.Fab)
      (effects (font (size 0.4 0.4) (thickness 0.06)))
    )
    (pad 1 smd roundrect (at -0.7875 0) (size 0.875 0.95) (layers F.Cu F.Paste F.Mask) (roundrect_rratio 0.25)
      (net 8 +5V))
    (pad 2 smd roundrect (at 0.7875 0) (size 0.875 0.95) (layers F.Cu F.Paste F.Mask) (roundrect_rratio 0.25)
      (net 9 GND))
    (model ${KISYS3DMOD}/Capacitor_SMD.3dshapes/C_0603_1608Metric.wrl
      (at (xyz 0 0 0))
      (scale (xyz 1 1 1))
      (rotate (xyz 0 0 0))
    )
  )

  (module Capacitor_SMD:C_0603_1608Metric (layer B.Cu) (tedit 5B301BBE) (tstamp 5EE542B9)
    (at 131.4195 108.458 180)
    (descr "Capacitor SMD 0603 (1608 Metric), square (rectangular) end terminal, IPC_7351 nominal, (Body size source: http://www.tortai-tech.com/upload/download/2011102023233369053.pdf), generated with kicad-footprint-generator")
    (tags capacitor)
    (path /5EF2FBE3)
    (attr smd)
    (fp_text reference C6 (at 2.301857 -0.053002) (layer B.SilkS)
      (effects (font (size 1 1) (thickness 0.15)) (justify mirror))
    )
    (fp_text value 0.1u (at 0 -1.43) (layer B.Fab)
      (effects (font (size 1 1) (thickness 0.15)) (justify mirror))
    )
    (fp_line (start 1.48 -0.73) (end -1.48 -0.73) (layer B.CrtYd) (width 0.05))
    (fp_line (start 1.48 0.73) (end 1.48 -0.73) (layer B.CrtYd) (width 0.05))
    (fp_line (start -1.48 0.73) (end 1.48 0.73) (layer B.CrtYd) (width 0.05))
    (fp_line (start -1.48 -0.73) (end -1.48 0.73) (layer B.CrtYd) (width 0.05))
    (fp_line (start -0.162779 -0.51) (end 0.162779 -0.51) (layer B.SilkS) (width 0.12))
    (fp_line (start -0.162779 0.51) (end 0.162779 0.51) (layer B.SilkS) (width 0.12))
    (fp_line (start 0.8 -0.4) (end -0.8 -0.4) (layer B.Fab) (width 0.1))
    (fp_line (start 0.8 0.4) (end 0.8 -0.4) (layer B.Fab) (width 0.1))
    (fp_line (start -0.8 0.4) (end 0.8 0.4) (layer B.Fab) (width 0.1))
    (fp_line (start -0.8 -0.4) (end -0.8 0.4) (layer B.Fab) (width 0.1))
    (fp_text user %R (at 0 0) (layer B.Fab)
      (effects (font (size 0.4 0.4) (thickness 0.06)) (justify mirror))
    )
    (pad 1 smd roundrect (at -0.7875 0 180) (size 0.875 0.95) (layers B.Cu B.Paste B.Mask) (roundrect_rratio 0.25)
      (net 8 +5V))
    (pad 2 smd roundrect (at 0.7875 0 180) (size 0.875 0.95) (layers B.Cu B.Paste B.Mask) (roundrect_rratio 0.25)
      (net 9 GND))
    (model ${KISYS3DMOD}/Capacitor_SMD.3dshapes/C_0603_1608Metric.wrl
      (at (xyz 0 0 0))
      (scale (xyz 1 1 1))
      (rotate (xyz 0 0 0))
    )
  )

  (module Capacitor_SMD:C_0603_1608Metric (layer B.Cu) (tedit 5B301BBE) (tstamp 5EE4771A)
    (at 136.3725 118.11)
    (descr "Capacitor SMD 0603 (1608 Metric), square (rectangular) end terminal, IPC_7351 nominal, (Body size source: http://www.tortai-tech.com/upload/download/2011102023233369053.pdf), generated with kicad-footprint-generator")
    (tags capacitor)
    (path /5EF27629)
    (attr smd)
    (fp_text reference C5 (at -0.4825 1.27) (layer B.SilkS)
      (effects (font (size 1 1) (thickness 0.15)) (justify mirror))
    )
    (fp_text value 0.1u (at 0 -1.43) (layer B.Fab)
      (effects (font (size 1 1) (thickness 0.15)) (justify mirror))
    )
    (fp_line (start 1.48 -0.73) (end -1.48 -0.73) (layer B.CrtYd) (width 0.05))
    (fp_line (start 1.48 0.73) (end 1.48 -0.73) (layer B.CrtYd) (width 0.05))
    (fp_line (start -1.48 0.73) (end 1.48 0.73) (layer B.CrtYd) (width 0.05))
    (fp_line (start -1.48 -0.73) (end -1.48 0.73) (layer B.CrtYd) (width 0.05))
    (fp_line (start -0.162779 -0.51) (end 0.162779 -0.51) (layer B.SilkS) (width 0.12))
    (fp_line (start -0.162779 0.51) (end 0.162779 0.51) (layer B.SilkS) (width 0.12))
    (fp_line (start 0.8 -0.4) (end -0.8 -0.4) (layer B.Fab) (width 0.1))
    (fp_line (start 0.8 0.4) (end 0.8 -0.4) (layer B.Fab) (width 0.1))
    (fp_line (start -0.8 0.4) (end 0.8 0.4) (layer B.Fab) (width 0.1))
    (fp_line (start -0.8 -0.4) (end -0.8 0.4) (layer B.Fab) (width 0.1))
    (fp_text user %R (at 0 0) (layer B.Fab)
      (effects (font (size 0.4 0.4) (thickness 0.06)) (justify mirror))
    )
    (pad 1 smd roundrect (at -0.7875 0) (size 0.875 0.95) (layers B.Cu B.Paste B.Mask) (roundrect_rratio 0.25)
      (net 8 +5V))
    (pad 2 smd roundrect (at 0.7875 0) (size 0.875 0.95) (layers B.Cu B.Paste B.Mask) (roundrect_rratio 0.25)
      (net 9 GND))
    (model ${KISYS3DMOD}/Capacitor_SMD.3dshapes/C_0603_1608Metric.wrl
      (at (xyz 0 0 0))
      (scale (xyz 1 1 1))
      (rotate (xyz 0 0 0))
    )
  )

  (module midiskirt:C64-Cart-NoSilkS (layer F.Cu) (tedit 5EDC14CF) (tstamp 5EE05AE8)
    (at 89.434999 131.585)
    (path /5ED1B0D3)
    (fp_text reference U6 (at 3.81 -9.018274) (layer F.SilkS) hide
      (effects (font (size 1 1) (thickness 0.15)))
    )
    (fp_text value C64-Exp-Port (at 30.48 1.27) (layer F.Fab) hide
      (effects (font (size 1 1) (thickness 0.15)))
    )
    (fp_text user "Card will be inside C64 up to this point" (at 29.21 -36.576) (layer F.Fab)
      (effects (font (size 1 1) (thickness 0.15)))
    )
    (fp_line (start 58.42 -35.56) (end 0 -35.56) (layer F.Fab) (width 0.15))
    (fp_line (start 58.42 0) (end 58.42 -35.56) (layer F.Fab) (width 0.15))
    (fp_line (start 0 0) (end 58.42 0) (layer F.Fab) (width 0.15))
    (fp_line (start 0 -35.56) (end 0 0) (layer F.Fab) (width 0.15))
    (fp_circle (center 29.0627 -42.8954) (end 34.0627 -42.8954) (layer Cmts.User) (width 0.12))
    (fp_circle (center 29.0627 -45.9) (end 32.0627 -45.9) (layer Cmts.User) (width 0.12))
    (fp_circle (center 29.075 -45.9) (end 32.275 -45.9) (layer F.CrtYd) (width 0.12))
    (fp_circle (center 29.075 -45.9) (end 32.275 -45.9) (layer B.CrtYd) (width 0.12))
    (fp_circle (center 29.0627 -42.8954) (end 34.2627 -42.8954) (layer F.CrtYd) (width 0.12))
    (fp_circle (center 29.05 -42.8954) (end 34.25 -42.8954) (layer B.CrtYd) (width 0.12))
    (pad 1 smd rect (at 2.54 -3.938274 180) (size 1.524 8) (layers F.Cu F.Mask)
      (net 9 GND))
    (pad 4 smd rect (at 10.16 -3.938274 180) (size 1.524 8) (layers F.Cu F.Mask)
      (net 13 /~irq~))
    (pad 5 smd rect (at 12.7 -3.938274 180) (size 1.524 8) (layers F.Cu F.Mask)
      (net 15 /cart-r~w~))
    (pad 6 smd rect (at 15.24 -3.938274 180) (size 1.524 8) (layers F.Cu F.Mask))
    (pad 7 smd rect (at 17.78 -3.938274 180) (size 1.524 8) (layers F.Cu F.Mask)
      (net 16 /~io1~))
    (pad 8 smd rect (at 20.32 -3.938274 180) (size 1.524 8) (layers F.Cu F.Mask))
    (pad 9 smd rect (at 22.86 -3.938274 180) (size 1.524 8) (layers F.Cu F.Mask))
    (pad 10 smd rect (at 25.4 -3.938274 180) (size 1.524 8) (layers F.Cu F.Mask))
    (pad 11 smd rect (at 27.94 -3.938274 180) (size 1.524 8) (layers F.Cu F.Mask))
    (pad 13 smd rect (at 33.02 -3.938274 180) (size 1.524 8) (layers F.Cu F.Mask))
    (pad 14 smd rect (at 35.56 -3.938274 180) (size 1.524 8) (layers F.Cu F.Mask)
      (net 6 /d7))
    (pad 12 smd rect (at 30.48 -3.938274 180) (size 1.524 8) (layers F.Cu F.Mask))
    (pad 2 smd rect (at 5.08 -3.938274 180) (size 1.524 8) (layers F.Cu F.Mask)
      (net 8 +5V))
    (pad 3 smd rect (at 7.62 -3.938274 180) (size 1.524 8) (layers F.Cu F.Mask)
      (net 8 +5V))
    (pad 15 smd rect (at 38.1 -3.938274 180) (size 1.524 8) (layers F.Cu F.Mask)
      (net 5 /d6))
    (pad 16 smd rect (at 40.64 -3.938274 180) (size 1.524 8) (layers F.Cu F.Mask)
      (net 4 /d5))
    (pad 17 smd rect (at 43.18 -3.938274 180) (size 1.524 8) (layers F.Cu F.Mask)
      (net 3 /d4))
    (pad 18 smd rect (at 45.72 -3.938274 180) (size 1.524 8) (layers F.Cu F.Mask)
      (net 2 /d3))
    (pad 19 smd rect (at 48.26 -3.938274 180) (size 1.524 8) (layers F.Cu F.Mask)
      (net 1 /d2))
    (pad 20 smd rect (at 50.8 -3.938274 180) (size 1.524 8) (layers F.Cu F.Mask)
      (net 12 /d1))
    (pad 21 smd rect (at 53.34 -3.938274 180) (size 1.524 8) (layers F.Cu F.Mask)
      (net 11 /d0))
    (pad 22 smd rect (at 55.88 -3.938274 180) (size 1.524 8) (layers F.Cu F.Mask)
      (net 9 GND))
    (pad F smd rect (at 15.24 -3.938274) (size 1.524 8) (layers B.Cu B.Mask))
    (pad H smd rect (at 17.78 -3.938274) (size 1.524 8) (layers B.Cu B.Mask))
    (pad J smd rect (at 20.32 -3.938274) (size 1.524 8) (layers B.Cu B.Mask))
    (pad K smd rect (at 22.86 -3.938274) (size 1.524 8) (layers B.Cu B.Mask))
    (pad L smd rect (at 25.4 -3.938274) (size 1.524 8) (layers B.Cu B.Mask))
    (pad M smd rect (at 27.94 -3.938274) (size 1.524 8) (layers B.Cu B.Mask))
    (pad B smd rect (at 5.08 -3.938274) (size 1.524 8) (layers B.Cu B.Mask))
    (pad C smd rect (at 7.62 -3.938274) (size 1.524 8) (layers B.Cu B.Mask))
    (pad D smd rect (at 10.16 -3.938274) (size 1.524 8) (layers B.Cu B.Mask))
    (pad E smd rect (at 12.7 -3.938274) (size 1.524 8) (layers B.Cu B.Mask)
      (net 7 /phi2))
    (pad A smd rect (at 2.54 -3.938274) (size 1.524 8) (layers B.Cu B.Mask)
      (net 9 GND))
    (pad U smd rect (at 43.18 -3.938274) (size 1.524 8) (layers B.Cu B.Mask)
      (net 19 /a4))
    (pad V smd rect (at 45.72 -3.938274) (size 1.524 8) (layers B.Cu B.Mask)
      (net 29 /a3))
    (pad W smd rect (at 48.26 -3.938274) (size 1.524 8) (layers B.Cu B.Mask)
      (net 30 /a2))
    (pad X smd rect (at 50.8 -3.938274) (size 1.524 8) (layers B.Cu B.Mask)
      (net 28 /a1))
    (pad Y smd rect (at 53.34 -3.938274) (size 1.524 8) (layers B.Cu B.Mask))
    (pad Z smd rect (at 55.88 -3.938274) (size 1.524 8) (layers B.Cu B.Mask)
      (net 9 GND))
    (pad R smd rect (at 35.56 -3.938274) (size 1.524 8) (layers B.Cu B.Mask))
    (pad S smd rect (at 38.1 -3.938274) (size 1.524 8) (layers B.Cu B.Mask)
      (net 18 /a6))
    (pad T smd rect (at 40.64 -3.938274) (size 1.524 8) (layers B.Cu B.Mask)
      (net 17 /a5))
    (pad P smd rect (at 33.02 -3.938274) (size 1.524 8) (layers B.Cu B.Mask))
    (pad N smd rect (at 30.48 -3.938274) (size 1.524 8) (layers B.Cu B.Mask))
    (pad NoSo smd rect (at 29.21 -3.81 180) (size 58.42 8.3) (layers B.Mask))
    (pad NoSo smd rect (at 29.21 -3.81 180) (size 58.42 8.3) (layers F.Mask))
    (pad NC thru_hole circle (at 29.0627 -42.8954) (size 5 5) (drill 5) (layers *.Cu *.Mask))
    (pad NC thru_hole circle (at 29.0627 -45.9) (size 3 3) (drill 3) (layers *.Cu *.Mask))
  )

  (module midiskirt:C&K_JS203011CQN (layer F.Cu) (tedit 5EE0664F) (tstamp 5EE0C6F2)
    (at 118.555 99.06)
    (path /5EE314A4)
    (fp_text reference SW1 (at 0 0) (layer F.SilkS)
      (effects (font (size 1 1) (thickness 0.15)))
    )
    (fp_text value SW_DP3T (at 0 -3.6) (layer F.Fab)
      (effects (font (size 1 1) (thickness 0.15)))
    )
    (fp_line (start -7.2 2.6) (end -7.2 -2.6) (layer F.CrtYd) (width 0.12))
    (fp_line (start 7.2 2.6) (end -7.2 2.6) (layer F.CrtYd) (width 0.12))
    (fp_line (start 7.2 -2.6) (end 7.2 2.6) (layer F.CrtYd) (width 0.12))
    (fp_line (start -7.2 -2.6) (end 7.2 -2.6) (layer F.CrtYd) (width 0.12))
    (fp_line (start 5 2.1) (end 6.8 2.1) (layer F.SilkS) (width 0.12))
    (fp_line (start -1 2.1) (end 1 2.1) (layer F.SilkS) (width 0.12))
    (fp_line (start -6.8 2.1) (end -5 2.1) (layer F.SilkS) (width 0.12))
    (fp_line (start 5 -2.1) (end 6.8 -2.1) (layer F.SilkS) (width 0.12))
    (fp_line (start -1 -2.1) (end 1 -2.1) (layer F.SilkS) (width 0.12))
    (fp_line (start -6.8 -2.1) (end -5 -2.1) (layer F.SilkS) (width 0.12))
    (fp_line (start 6.8 2.1) (end 6.8 -2.1) (layer F.SilkS) (width 0.12))
    (fp_line (start -6.8 -2.1) (end -6.8 2.1) (layer F.SilkS) (width 0.12))
    (fp_line (start -6.5 1.8) (end -6.5 -1.8) (layer F.Fab) (width 0.12))
    (fp_line (start 6.5 1.8) (end -6.5 1.8) (layer F.Fab) (width 0.12))
    (fp_line (start 6.5 -1.8) (end 6.5 1.8) (layer F.Fab) (width 0.12))
    (fp_line (start -6.5 -1.8) (end 6.5 -1.8) (layer F.Fab) (width 0.12))
    (pad 8 thru_hole circle (at 4 -1.65) (size 1.524 1.524) (drill 0.9) (layers *.Cu *.Mask)
      (net 8 +5V))
    (pad 7 thru_hole circle (at 2 -1.65) (size 1.524 1.524) (drill 0.9) (layers *.Cu *.Mask)
      (net 38 /sel_b))
    (pad 6 thru_hole circle (at -2 -1.65) (size 1.524 1.524) (drill 0.9) (layers *.Cu *.Mask)
      (net 9 GND))
    (pad 5 thru_hole circle (at -4 -1.65) (size 1.524 1.524) (drill 0.9) (layers *.Cu *.Mask)
      (net 9 GND))
    (pad 4 thru_hole circle (at 4 1.65) (size 1.524 1.524) (drill 0.9) (layers *.Cu *.Mask)
      (net 8 +5V))
    (pad 3 thru_hole circle (at 2 1.65) (size 1.524 1.524) (drill 0.9) (layers *.Cu *.Mask)
      (net 32 /sel_a))
    (pad 2 thru_hole circle (at -2 1.65) (size 1.524 1.524) (drill 0.9) (layers *.Cu *.Mask)
      (net 8 +5V))
    (pad 1 thru_hole circle (at -4 1.65) (size 1.524 1.524) (drill 0.9) (layers *.Cu *.Mask)
      (net 9 GND))
  )

  (module Capacitor_SMD:C_0603_1608Metric (layer B.Cu) (tedit 5B301BBE) (tstamp 5EE43595)
    (at 113.1825 114.935)
    (descr "Capacitor SMD 0603 (1608 Metric), square (rectangular) end terminal, IPC_7351 nominal, (Body size source: http://www.tortai-tech.com/upload/download/2011102023233369053.pdf), generated with kicad-footprint-generator")
    (tags capacitor)
    (path /5EE578A2)
    (attr smd)
    (fp_text reference C4 (at 0 1.43) (layer B.SilkS)
      (effects (font (size 1 1) (thickness 0.15)) (justify mirror))
    )
    (fp_text value 0.1u (at 0 -1.43) (layer B.Fab)
      (effects (font (size 1 1) (thickness 0.15)) (justify mirror))
    )
    (fp_text user %R (at 0 0) (layer B.Fab)
      (effects (font (size 0.4 0.4) (thickness 0.06)) (justify mirror))
    )
    (fp_line (start -0.8 -0.4) (end -0.8 0.4) (layer B.Fab) (width 0.1))
    (fp_line (start -0.8 0.4) (end 0.8 0.4) (layer B.Fab) (width 0.1))
    (fp_line (start 0.8 0.4) (end 0.8 -0.4) (layer B.Fab) (width 0.1))
    (fp_line (start 0.8 -0.4) (end -0.8 -0.4) (layer B.Fab) (width 0.1))
    (fp_line (start -0.162779 0.51) (end 0.162779 0.51) (layer B.SilkS) (width 0.12))
    (fp_line (start -0.162779 -0.51) (end 0.162779 -0.51) (layer B.SilkS) (width 0.12))
    (fp_line (start -1.48 -0.73) (end -1.48 0.73) (layer B.CrtYd) (width 0.05))
    (fp_line (start -1.48 0.73) (end 1.48 0.73) (layer B.CrtYd) (width 0.05))
    (fp_line (start 1.48 0.73) (end 1.48 -0.73) (layer B.CrtYd) (width 0.05))
    (fp_line (start 1.48 -0.73) (end -1.48 -0.73) (layer B.CrtYd) (width 0.05))
    (pad 2 smd roundrect (at 0.7875 0) (size 0.875 0.95) (layers B.Cu B.Paste B.Mask) (roundrect_rratio 0.25)
      (net 9 GND))
    (pad 1 smd roundrect (at -0.7875 0) (size 0.875 0.95) (layers B.Cu B.Paste B.Mask) (roundrect_rratio 0.25)
      (net 8 +5V))
    (model ${KISYS3DMOD}/Capacitor_SMD.3dshapes/C_0603_1608Metric.wrl
      (at (xyz 0 0 0))
      (scale (xyz 1 1 1))
      (rotate (xyz 0 0 0))
    )
  )

  (module Capacitor_SMD:C_0603_1608Metric (layer F.Cu) (tedit 5B301BBE) (tstamp 5EE43326)
    (at 111.76 90.17 90)
    (descr "Capacitor SMD 0603 (1608 Metric), square (rectangular) end terminal, IPC_7351 nominal, (Body size source: http://www.tortai-tech.com/upload/download/2011102023233369053.pdf), generated with kicad-footprint-generator")
    (tags capacitor)
    (path /5EE574EB)
    (attr smd)
    (fp_text reference C3 (at -2.159 0 180) (layer F.SilkS)
      (effects (font (size 1 1) (thickness 0.15)))
    )
    (fp_text value 0.1u (at 0 1.43 90) (layer F.Fab)
      (effects (font (size 1 1) (thickness 0.15)))
    )
    (fp_text user %R (at 0 0 90) (layer F.Fab)
      (effects (font (size 0.4 0.4) (thickness 0.06)))
    )
    (fp_line (start -0.8 0.4) (end -0.8 -0.4) (layer F.Fab) (width 0.1))
    (fp_line (start -0.8 -0.4) (end 0.8 -0.4) (layer F.Fab) (width 0.1))
    (fp_line (start 0.8 -0.4) (end 0.8 0.4) (layer F.Fab) (width 0.1))
    (fp_line (start 0.8 0.4) (end -0.8 0.4) (layer F.Fab) (width 0.1))
    (fp_line (start -0.162779 -0.51) (end 0.162779 -0.51) (layer F.SilkS) (width 0.12))
    (fp_line (start -0.162779 0.51) (end 0.162779 0.51) (layer F.SilkS) (width 0.12))
    (fp_line (start -1.48 0.73) (end -1.48 -0.73) (layer F.CrtYd) (width 0.05))
    (fp_line (start -1.48 -0.73) (end 1.48 -0.73) (layer F.CrtYd) (width 0.05))
    (fp_line (start 1.48 -0.73) (end 1.48 0.73) (layer F.CrtYd) (width 0.05))
    (fp_line (start 1.48 0.73) (end -1.48 0.73) (layer F.CrtYd) (width 0.05))
    (pad 2 smd roundrect (at 0.7875 0 90) (size 0.875 0.95) (layers F.Cu F.Paste F.Mask) (roundrect_rratio 0.25)
      (net 9 GND))
    (pad 1 smd roundrect (at -0.7875 0 90) (size 0.875 0.95) (layers F.Cu F.Paste F.Mask) (roundrect_rratio 0.25)
      (net 8 +5V))
    (model ${KISYS3DMOD}/Capacitor_SMD.3dshapes/C_0603_1608Metric.wrl
      (at (xyz 0 0 0))
      (scale (xyz 1 1 1))
      (rotate (xyz 0 0 0))
    )
  )

  (module Capacitor_SMD:C_0603_1608Metric (layer F.Cu) (tedit 5B301BBE) (tstamp 5EE493E8)
    (at 98.9075 107.823 180)
    (descr "Capacitor SMD 0603 (1608 Metric), square (rectangular) end terminal, IPC_7351 nominal, (Body size source: http://www.tortai-tech.com/upload/download/2011102023233369053.pdf), generated with kicad-footprint-generator")
    (tags capacitor)
    (path /5EE5705F)
    (attr smd)
    (fp_text reference C2 (at 0 -1.43) (layer F.SilkS)
      (effects (font (size 1 1) (thickness 0.15)))
    )
    (fp_text value 0.1u (at 0 1.43) (layer F.Fab)
      (effects (font (size 1 1) (thickness 0.15)))
    )
    (fp_text user %R (at 0 0) (layer F.Fab)
      (effects (font (size 0.4 0.4) (thickness 0.06)))
    )
    (fp_line (start -0.8 0.4) (end -0.8 -0.4) (layer F.Fab) (width 0.1))
    (fp_line (start -0.8 -0.4) (end 0.8 -0.4) (layer F.Fab) (width 0.1))
    (fp_line (start 0.8 -0.4) (end 0.8 0.4) (layer F.Fab) (width 0.1))
    (fp_line (start 0.8 0.4) (end -0.8 0.4) (layer F.Fab) (width 0.1))
    (fp_line (start -0.162779 -0.51) (end 0.162779 -0.51) (layer F.SilkS) (width 0.12))
    (fp_line (start -0.162779 0.51) (end 0.162779 0.51) (layer F.SilkS) (width 0.12))
    (fp_line (start -1.48 0.73) (end -1.48 -0.73) (layer F.CrtYd) (width 0.05))
    (fp_line (start -1.48 -0.73) (end 1.48 -0.73) (layer F.CrtYd) (width 0.05))
    (fp_line (start 1.48 -0.73) (end 1.48 0.73) (layer F.CrtYd) (width 0.05))
    (fp_line (start 1.48 0.73) (end -1.48 0.73) (layer F.CrtYd) (width 0.05))
    (pad 2 smd roundrect (at 0.7875 0 180) (size 0.875 0.95) (layers F.Cu F.Paste F.Mask) (roundrect_rratio 0.25)
      (net 9 GND))
    (pad 1 smd roundrect (at -0.7875 0 180) (size 0.875 0.95) (layers F.Cu F.Paste F.Mask) (roundrect_rratio 0.25)
      (net 8 +5V))
    (model ${KISYS3DMOD}/Capacitor_SMD.3dshapes/C_0603_1608Metric.wrl
      (at (xyz 0 0 0))
      (scale (xyz 1 1 1))
      (rotate (xyz 0 0 0))
    )
  )

  (module Capacitor_SMD:C_0603_1608Metric (layer F.Cu) (tedit 5B301BBE) (tstamp 5EE459CD)
    (at 100.965 96.52 180)
    (descr "Capacitor SMD 0603 (1608 Metric), square (rectangular) end terminal, IPC_7351 nominal, (Body size source: http://www.tortai-tech.com/upload/download/2011102023233369053.pdf), generated with kicad-footprint-generator")
    (tags capacitor)
    (path /5EE4AE83)
    (attr smd)
    (fp_text reference C1 (at 0 -1.43) (layer F.SilkS)
      (effects (font (size 1 1) (thickness 0.15)))
    )
    (fp_text value 0.1u (at 0 1.43) (layer F.Fab)
      (effects (font (size 1 1) (thickness 0.15)))
    )
    (fp_text user %R (at 0 0) (layer F.Fab)
      (effects (font (size 0.4 0.4) (thickness 0.06)))
    )
    (fp_line (start -0.8 0.4) (end -0.8 -0.4) (layer F.Fab) (width 0.1))
    (fp_line (start -0.8 -0.4) (end 0.8 -0.4) (layer F.Fab) (width 0.1))
    (fp_line (start 0.8 -0.4) (end 0.8 0.4) (layer F.Fab) (width 0.1))
    (fp_line (start 0.8 0.4) (end -0.8 0.4) (layer F.Fab) (width 0.1))
    (fp_line (start -0.162779 -0.51) (end 0.162779 -0.51) (layer F.SilkS) (width 0.12))
    (fp_line (start -0.162779 0.51) (end 0.162779 0.51) (layer F.SilkS) (width 0.12))
    (fp_line (start -1.48 0.73) (end -1.48 -0.73) (layer F.CrtYd) (width 0.05))
    (fp_line (start -1.48 -0.73) (end 1.48 -0.73) (layer F.CrtYd) (width 0.05))
    (fp_line (start 1.48 -0.73) (end 1.48 0.73) (layer F.CrtYd) (width 0.05))
    (fp_line (start 1.48 0.73) (end -1.48 0.73) (layer F.CrtYd) (width 0.05))
    (pad 2 smd roundrect (at 0.7875 0 180) (size 0.875 0.95) (layers F.Cu F.Paste F.Mask) (roundrect_rratio 0.25)
      (net 9 GND))
    (pad 1 smd roundrect (at -0.7875 0 180) (size 0.875 0.95) (layers F.Cu F.Paste F.Mask) (roundrect_rratio 0.25)
      (net 8 +5V))
    (model ${KISYS3DMOD}/Capacitor_SMD.3dshapes/C_0603_1608Metric.wrl
      (at (xyz 0 0 0))
      (scale (xyz 1 1 1))
      (rotate (xyz 0 0 0))
    )
  )

  (module Package_SO:TSSOP-8_3x3mm_P0.65mm (layer F.Cu) (tedit 5A02F25C) (tstamp 5EE1FB42)
    (at 108.88 90.17 270)
    (descr "TSSOP8: plastic thin shrink small outline package; 8 leads; body width 3 mm; (see NXP SSOP-TSSOP-VSO-REFLOW.pdf and sot505-1_po.pdf)")
    (tags "SSOP 0.65")
    (path /5F1A33F2)
    (attr smd)
    (fp_text reference U3 (at 0 2.454 90) (layer F.SilkS)
      (effects (font (size 1 1) (thickness 0.15)))
    )
    (fp_text value 74LVC3G16 (at 0 2.55 90) (layer F.Fab)
      (effects (font (size 1 1) (thickness 0.15)))
    )
    (fp_line (start -1.625 -1.5) (end -2.7 -1.5) (layer F.SilkS) (width 0.15))
    (fp_line (start -1.625 1.625) (end 1.625 1.625) (layer F.SilkS) (width 0.15))
    (fp_line (start -1.625 -1.625) (end 1.625 -1.625) (layer F.SilkS) (width 0.15))
    (fp_line (start -1.625 1.625) (end -1.625 1.4) (layer F.SilkS) (width 0.15))
    (fp_line (start 1.625 1.625) (end 1.625 1.4) (layer F.SilkS) (width 0.15))
    (fp_line (start 1.625 -1.625) (end 1.625 -1.4) (layer F.SilkS) (width 0.15))
    (fp_line (start -1.625 -1.625) (end -1.625 -1.5) (layer F.SilkS) (width 0.15))
    (fp_line (start -2.95 1.8) (end 2.95 1.8) (layer F.CrtYd) (width 0.05))
    (fp_line (start -2.95 -1.8) (end 2.95 -1.8) (layer F.CrtYd) (width 0.05))
    (fp_line (start 2.95 -1.8) (end 2.95 1.8) (layer F.CrtYd) (width 0.05))
    (fp_line (start -2.95 -1.8) (end -2.95 1.8) (layer F.CrtYd) (width 0.05))
    (fp_line (start -1.5 -0.5) (end -0.5 -1.5) (layer F.Fab) (width 0.15))
    (fp_line (start -1.5 1.5) (end -1.5 -0.5) (layer F.Fab) (width 0.15))
    (fp_line (start 1.5 1.5) (end -1.5 1.5) (layer F.Fab) (width 0.15))
    (fp_line (start 1.5 -1.5) (end 1.5 1.5) (layer F.Fab) (width 0.15))
    (fp_line (start -0.5 -1.5) (end 1.5 -1.5) (layer F.Fab) (width 0.15))
    (fp_text user %R (at 0 0 90) (layer F.Fab)
      (effects (font (size 0.6 0.6) (thickness 0.15)))
    )
    (pad 8 smd rect (at 2.15 -0.975 270) (size 1.1 0.4) (layers F.Cu F.Paste F.Mask)
      (net 8 +5V))
    (pad 7 smd rect (at 2.15 -0.325 270) (size 1.1 0.4) (layers F.Cu F.Paste F.Mask)
      (net 35 /RxD))
    (pad 6 smd rect (at 2.15 0.325 270) (size 1.1 0.4) (layers F.Cu F.Paste F.Mask)
      (net 37 /TxD))
    (pad 5 smd rect (at 2.15 0.975 270) (size 1.1 0.4) (layers F.Cu F.Paste F.Mask)
      (net 33 /midi_thru))
    (pad 4 smd rect (at -2.15 0.975 270) (size 1.1 0.4) (layers F.Cu F.Paste F.Mask)
      (net 9 GND))
    (pad 3 smd rect (at -2.15 0.325 270) (size 1.1 0.4) (layers F.Cu F.Paste F.Mask)
      (net 27 /midi_in))
    (pad 2 smd rect (at -2.15 -0.325 270) (size 1.1 0.4) (layers F.Cu F.Paste F.Mask)
      (net 34 /midi_out))
    (pad 1 smd rect (at -2.15 -0.975 270) (size 1.1 0.4) (layers F.Cu F.Paste F.Mask)
      (net 27 /midi_in))
    (model ${KISYS3DMOD}/Package_SO.3dshapes/TSSOP-8_3x3mm_P0.65mm.wrl
      (at (xyz 0 0 0))
      (scale (xyz 1 1 1))
      (rotate (xyz 0 0 0))
    )
  )

  (module Package_TO_SOT_SMD:SOT-23-6_Handsoldering (layer F.Cu) (tedit 5A02FF57) (tstamp 5EE15C9C)
    (at 99.695 104.14 270)
    (descr "6-pin SOT-23 package, Handsoldering")
    (tags "SOT-23-6 Handsoldering")
    (path /5EF434DA)
    (attr smd)
    (fp_text reference U7 (at -3.048 -0.061 180) (layer F.SilkS)
      (effects (font (size 1 1) (thickness 0.15)))
    )
    (fp_text value SN74LVC1GX04 (at 2.62 -0.061) (layer F.SilkS) hide
      (effects (font (size 0.2 0.2) (thickness 0.05)))
    )
    (fp_text user %R (at 0 0) (layer F.Fab)
      (effects (font (size 0.5 0.5) (thickness 0.075)))
    )
    (fp_line (start 0.9 -1.55) (end 0.9 1.55) (layer F.Fab) (width 0.1))
    (fp_line (start 0.9 1.55) (end -0.9 1.55) (layer F.Fab) (width 0.1))
    (fp_line (start -0.9 -0.9) (end -0.9 1.55) (layer F.Fab) (width 0.1))
    (fp_line (start 0.9 -1.55) (end -0.25 -1.55) (layer F.Fab) (width 0.1))
    (fp_line (start -0.9 -0.9) (end -0.25 -1.55) (layer F.Fab) (width 0.1))
    (fp_line (start -2.4 -1.8) (end 2.4 -1.8) (layer F.CrtYd) (width 0.05))
    (fp_line (start 2.4 -1.8) (end 2.4 1.8) (layer F.CrtYd) (width 0.05))
    (fp_line (start 2.4 1.8) (end -2.4 1.8) (layer F.CrtYd) (width 0.05))
    (fp_line (start -2.4 1.8) (end -2.4 -1.8) (layer F.CrtYd) (width 0.05))
    (fp_line (start 0.9 -1.61) (end -2.05 -1.61) (layer F.SilkS) (width 0.12))
    (fp_line (start -0.9 1.61) (end 0.9 1.61) (layer F.SilkS) (width 0.12))
    (pad 1 smd rect (at -1.35 -0.95 270) (size 1.56 0.65) (layers F.Cu F.Paste F.Mask))
    (pad 2 smd rect (at -1.35 0 270) (size 1.56 0.65) (layers F.Cu F.Paste F.Mask)
      (net 9 GND))
    (pad 3 smd rect (at -1.35 0.95 270) (size 1.56 0.65) (layers F.Cu F.Paste F.Mask)
      (net 42 "Net-(U7-Pad3)"))
    (pad 4 smd rect (at 1.35 0.95 270) (size 1.56 0.65) (layers F.Cu F.Paste F.Mask)
      (net 41 "Net-(U7-Pad4)"))
    (pad 6 smd rect (at 1.35 -0.95 270) (size 1.56 0.65) (layers F.Cu F.Paste F.Mask)
      (net 39 /2mhz))
    (pad 5 smd rect (at 1.35 0 270) (size 1.56 0.65) (layers F.Cu F.Paste F.Mask)
      (net 8 +5V))
    (model ${KISYS3DMOD}/Package_TO_SOT_SMD.3dshapes/SOT-23-6.wrl
      (at (xyz 0 0 0))
      (scale (xyz 1 1 1))
      (rotate (xyz 0 0 0))
    )
  )

  (module Package_SO:SOIC-14_3.9x8.7mm_P1.27mm (layer B.Cu) (tedit 5D9F72B1) (tstamp 5EE0F9CD)
    (at 128.397 112.968 90)
    (descr "SOIC, 14 Pin (JEDEC MS-012AB, https://www.analog.com/media/en/package-pcb-resources/package/pkg_pdf/soic_narrow-r/r_14.pdf), generated with kicad-footprint-generator ipc_gullwing_generator.py")
    (tags "SOIC SO")
    (path /5F0F27C4)
    (attr smd)
    (fp_text reference U1 (at -4.507 3.683 180) (layer B.SilkS)
      (effects (font (size 1 1) (thickness 0.15)) (justify mirror))
    )
    (fp_text value 74LS30 (at -4.507 -1.905 180) (layer B.SilkS)
      (effects (font (size 1 1) (thickness 0.15)) (justify mirror))
    )
    (fp_text user %R (at 0 0 90) (layer B.Fab)
      (effects (font (size 0.98 0.98) (thickness 0.15)) (justify mirror))
    )
    (fp_line (start 0 -4.435) (end 1.95 -4.435) (layer B.SilkS) (width 0.12))
    (fp_line (start 0 -4.435) (end -1.95 -4.435) (layer B.SilkS) (width 0.12))
    (fp_line (start 0 4.435) (end 1.95 4.435) (layer B.SilkS) (width 0.12))
    (fp_line (start 0 4.435) (end -3.45 4.435) (layer B.SilkS) (width 0.12))
    (fp_line (start -0.975 4.325) (end 1.95 4.325) (layer B.Fab) (width 0.1))
    (fp_line (start 1.95 4.325) (end 1.95 -4.325) (layer B.Fab) (width 0.1))
    (fp_line (start 1.95 -4.325) (end -1.95 -4.325) (layer B.Fab) (width 0.1))
    (fp_line (start -1.95 -4.325) (end -1.95 3.35) (layer B.Fab) (width 0.1))
    (fp_line (start -1.95 3.35) (end -0.975 4.325) (layer B.Fab) (width 0.1))
    (fp_line (start -3.7 4.58) (end -3.7 -4.58) (layer B.CrtYd) (width 0.05))
    (fp_line (start -3.7 -4.58) (end 3.7 -4.58) (layer B.CrtYd) (width 0.05))
    (fp_line (start 3.7 -4.58) (end 3.7 4.58) (layer B.CrtYd) (width 0.05))
    (fp_line (start 3.7 4.58) (end -3.7 4.58) (layer B.CrtYd) (width 0.05))
    (pad 1 smd roundrect (at -2.475 3.81 90) (size 1.95 0.6) (layers B.Cu B.Paste B.Mask) (roundrect_rratio 0.25)
      (net 19 /a4))
    (pad 2 smd roundrect (at -2.475 2.54 90) (size 1.95 0.6) (layers B.Cu B.Paste B.Mask) (roundrect_rratio 0.25)
      (net 17 /a5))
    (pad 3 smd roundrect (at -2.475 1.27 90) (size 1.95 0.6) (layers B.Cu B.Paste B.Mask) (roundrect_rratio 0.25)
      (net 18 /a6))
    (pad 4 smd roundrect (at -2.475 0 90) (size 1.95 0.6) (layers B.Cu B.Paste B.Mask) (roundrect_rratio 0.25)
      (net 16 /~io1~))
    (pad 5 smd roundrect (at -2.475 -1.27 90) (size 1.95 0.6) (layers B.Cu B.Paste B.Mask) (roundrect_rratio 0.25)
      (net 36 "Net-(U1-Pad5)"))
    (pad 6 smd roundrect (at -2.475 -2.54 90) (size 1.95 0.6) (layers B.Cu B.Paste B.Mask) (roundrect_rratio 0.25)
      (net 9 GND))
